050002445376574000000005000000000050
068358619817151600000002700000000027
092387719324733000000000200000000002
092798710863623200000002000000000020
098249621362979500000001200000000012
101408656522435000000004400000000044
114216769287893100000003700000000037
156140910649160000000003500000000035
274530372000209000000003900000000039
276083679710756500000002400000000024
287196825281249000000000600000000006
294013936230044900000002200000000022
298809135309431200000000400000000004
326076361233756000000001000000000010
376628198415515400000004100000000041
394024601614148900000001900000000019
399916924637588500000000300000000003
401150089177736700000001300000000013
438527147662781900000003400000000034
453478410271395100000003600000000036
485945261287706500000000700000000007
540709985047986600000002100000000021
565683054498121600000004600000000046
567118447850584400000001800000000018
578735122887933900000004700000000047
597511751661607700000004200000000042
600961915067452600000000500000000005
634925033164850900000001500000000015
650353518179599200000004800000000048
650923036255381600000003000000000030
672300046320776400000002800000000028
672705519061601400000001600000000016
683267604769808700000003300000000033
702663761503227700000003100000000031
705826726183775200000004300000000043
709414275105555100000003200000000032
725150814918888300000002900000000029
737933563466114200000004500000000045
742768486342320900000001100000000011
744387098889753000000003800000000038
804058041034868000000002600000000026
811254583423973500000002300000000023
826259360247307600000004900000000049
851786695820600800000001400000000014
893136935189478300000000800000000008
905629793166401100000002500000000025
934910747586921400000001700000000017
950173372142989300000000900000000009
968029415460369700000000100000000001
980558340899658800000004000000000040
